64
0 10
0 17
1 11
1 16
1 18
2 8
2 12
2 17
2 19
3 9
3 13
3 18
3 20
4 10
4 14
4 19
4 21
5 11
5 15
5 20
5 22
6 12
6 21
6 23
7 13
7 22
8 18
8 25
9 19
9 24
9 26
10 16
10 20
10 25
10 27
11 17
11 21
11 26
11 28
12 18
12 22
12 27
12 29
13 19
13 23
13 28
13 30
14 20
14 29
14 31
15 21
15 30
16 26
16 33
17 27
17 32
17 34
18 24
18 28
18 33
18 35
19 25
19 29
19 34
19 36
20 26
20 30
20 35
20 37
21 27
21 31
21 36
21 38
22 28
22 37
22 39
23 29
23 38
24 34
24 41
25 35
25 40
25 42
26 32
26 36
26 41
26 43
27 33
27 37
27 42
27 44
28 34
28 38
28 43
28 45
29 35
29 39
29 44
29 46
30 36
30 45
30 47
31 37
31 46
32 42
32 49
33 43
33 48
33 50
34 40
34 44
34 49
34 51
35 41
35 45
35 50
35 52
36 42
36 46
36 51
36 53
37 43
37 47
37 52
37 54
38 44
38 53
38 55
39 45
39 54
40 50
40 57
41 51
41 56
41 58
42 48
42 52
42 57
42 59
43 49
43 53
43 58
43 60
44 50
44 54
44 59
44 61
45 51
45 55
45 60
45 62
46 52
46 61
46 63
47 53
47 62
48 58
49 59
50 56
50 60
51 57
51 61
52 58
52 62
53 59
53 63
54 60
55 61

