
900
0 32
0 61
1 33
1 60
1 62
2 30
2 34
2 61
2 63
3 31
3 35
3 62
3 64
4 32
4 36
4 63
4 65
5 33
5 37
5 64
5 66
6 34
6 38
6 65
6 67
7 35
7 39
7 66
7 68
8 36
8 40
8 67
8 69
9 37
9 41
9 68
9 70
10 38
10 42
10 69
10 71
11 39
11 43
11 70
11 72
12 40
12 44
12 71
12 73
13 41
13 45
13 72
13 74
14 42
14 46
14 73
14 75
15 43
15 47
15 74
15 76
16 44
16 48
16 75
16 77
17 45
17 49
17 76
17 78
18 46
18 50
18 77
18 79
19 47
19 51
19 78
19 80
20 48
20 52
20 79
20 81
21 49
21 53
21 80
21 82
22 50
22 54
22 81
22 83
23 51
23 55
23 82
23 84
24 52
24 56
24 83
24 85
25 53
25 57
25 84
25 86
26 54
26 58
26 85
26 87
27 55
27 59
27 86
27 88
28 56
28 87
28 89
29 57
29 88
30 62
30 91
31 63
31 90
31 92
32 60
32 64
32 91
32 93
33 61
33 65
33 92
33 94
34 62
34 66
34 93
34 95
35 63
35 67
35 94
35 96
36 64
36 68
36 95
36 97
37 65
37 69
37 96
37 98
38 66
38 70
38 97
38 99
39 67
39 71
39 98
39 100
40 68
40 72
40 99
40 101
41 69
41 73
41 100
41 102
42 70
42 74
42 101
42 103
43 71
43 75
43 102
43 104
44 72
44 76
44 103
44 105
45 73
45 77
45 104
45 106
46 74
46 78
46 105
46 107
47 75
47 79
47 106
47 108
48 76
48 80
48 107
48 109
49 77
49 81
49 108
49 110
50 78
50 82
50 109
50 111
51 79
51 83
51 110
51 112
52 80
52 84
52 111
52 113
53 81
53 85
53 112
53 114
54 82
54 86
54 113
54 115
55 83
55 87
55 114
55 116
56 84
56 88
56 115
56 117
57 85
57 89
57 116
57 118
58 86
58 117
58 119
59 87
59 118
60 92
60 121
61 93
61 120
61 122
62 90
62 94
62 121
62 123
63 91
63 95
63 122
63 124
64 92
64 96
64 123
64 125
65 93
65 97
65 124
65 126
66 94
66 98
66 125
66 127
67 95
67 99
67 126
67 128
68 96
68 100
68 127
68 129
69 97
69 101
69 128
69 130
70 98
70 102
70 129
70 131
71 99
71 103
71 130
71 132
72 100
72 104
72 131
72 133
73 101
73 105
73 132
73 134
74 102
74 106
74 133
74 135
75 103
75 107
75 134
75 136
76 104
76 108
76 135
76 137
77 105
77 109
77 136
77 138
78 106
78 110
78 137
78 139
79 107
79 111
79 138
79 140
80 108
80 112
80 139
80 141
81 109
81 113
81 140
81 142
82 110
82 114
82 141
82 143
83 111
83 115
83 142
83 144
84 112
84 116
84 143
84 145
85 113
85 117
85 144
85 146
86 114
86 118
86 145
86 147
87 115
87 119
87 146
87 148
88 116
88 147
88 149
89 117
89 148
90 122
90 151
91 123
91 150
91 152
92 120
92 124
92 151
92 153
93 121
93 125
93 152
93 154
94 122
94 126
94 153
94 155
95 123
95 127
95 154
95 156
96 124
96 128
96 155
96 157
97 125
97 129
97 156
97 158
98 126
98 130
98 157
98 159
99 127
99 131
99 158
99 160
100 128
100 132
100 159
100 161
101 129
101 133
101 160
101 162
102 130
102 134
102 161
102 163
103 131
103 135
103 162
103 164
104 132
104 136
104 163
104 165
105 133
105 137
105 164
105 166
106 134
106 138
106 165
106 167
107 135
107 139
107 166
107 168
108 136
108 140
108 167
108 169
109 137
109 141
109 168
109 170
110 138
110 142
110 169
110 171
111 139
111 143
111 170
111 172
112 140
112 144
112 171
112 173
113 141
113 145
113 172
113 174
114 142
114 146
114 173
114 175
115 143
115 147
115 174
115 176
116 144
116 148
116 175
116 177
117 145
117 149
117 176
117 178
118 146
118 177
118 179
119 147
119 178
120 152
120 181
121 153
121 180
121 182
122 150
122 154
122 181
122 183
123 151
123 155
123 182
123 184
124 152
124 156
124 183
124 185
125 153
125 157
125 184
125 186
126 154
126 158
126 185
126 187
127 155
127 159
127 186
127 188
128 156
128 160
128 187
128 189
129 157
129 161
129 188
129 190
130 158
130 162
130 189
130 191
131 159
131 163
131 190
131 192
132 160
132 164
132 191
132 193
133 161
133 165
133 192
133 194
134 162
134 166
134 193
134 195
135 163
135 167
135 194
135 196
136 164
136 168
136 195
136 197
137 165
137 169
137 196
137 198
138 166
138 170
138 197
138 199
139 167
139 171
139 198
139 200
140 168
140 172
140 199
140 201
141 169
141 173
141 200
141 202
142 170
142 174
142 201
142 203
143 171
143 175
143 202
143 204
144 172
144 176
144 203
144 205
145 173
145 177
145 204
145 206
146 174
146 178
146 205
146 207
147 175
147 179
147 206
147 208
148 176
148 207
148 209
149 177
149 208
150 182
150 211
151 183
151 210
151 212
152 180
152 184
152 211
152 213
153 181
153 185
153 212
153 214
154 182
154 186
154 213
154 215
155 183
155 187
155 214
155 216
156 184
156 188
156 215
156 217
157 185
157 189
157 216
157 218
158 186
158 190
158 217
158 219
159 187
159 191
159 218
159 220
160 188
160 192
160 219
160 221
161 189
161 193
161 220
161 222
162 190
162 194
162 221
162 223
163 191
163 195
163 222
163 224
164 192
164 196
164 223
164 225
165 193
165 197
165 224
165 226
166 194
166 198
166 225
166 227
167 195
167 199
167 226
167 228
168 196
168 200
168 227
168 229
169 197
169 201
169 228
169 230
170 198
170 202
170 229
170 231
171 199
171 203
171 230
171 232
172 200
172 204
172 231
172 233
173 201
173 205
173 232
173 234
174 202
174 206
174 233
174 235
175 203
175 207
175 234
175 236
176 204
176 208
176 235
176 237
177 205
177 209
177 236
177 238
178 206
178 237
178 239
179 207
179 238
180 212
180 241
181 213
181 240
181 242
182 210
182 214
182 241
182 243
183 211
183 215
183 242
183 244
184 212
184 216
184 243
184 245
185 213
185 217
185 244
185 246
186 214
186 218
186 245
186 247
187 215
187 219
187 246
187 248
188 216
188 220
188 247
188 249
189 217
189 221
189 248
189 250
190 218
190 222
190 249
190 251
191 219
191 223
191 250
191 252
192 220
192 224
192 251
192 253
193 221
193 225
193 252
193 254
194 222
194 226
194 253
194 255
195 223
195 227
195 254
195 256
196 224
196 228
196 255
196 257
197 225
197 229
197 256
197 258
198 226
198 230
198 257
198 259
199 227
199 231
199 258
199 260
200 228
200 232
200 259
200 261
201 229
201 233
201 260
201 262
202 230
202 234
202 261
202 263
203 231
203 235
203 262
203 264
204 232
204 236
204 263
204 265
205 233
205 237
205 264
205 266
206 234
206 238
206 265
206 267
207 235
207 239
207 266
207 268
208 236
208 267
208 269
209 237
209 268
210 242
210 271
211 243
211 270
211 272
212 240
212 244
212 271
212 273
213 241
213 245
213 272
213 274
214 242
214 246
214 273
214 275
215 243
215 247
215 274
215 276
216 244
216 248
216 275
216 277
217 245
217 249
217 276
217 278
218 246
218 250
218 277
218 279
219 247
219 251
219 278
219 280
220 248
220 252
220 279
220 281
221 249
221 253
221 280
221 282
222 250
222 254
222 281
222 283
223 251
223 255
223 282
223 284
224 252
224 256
224 283
224 285
225 253
225 257
225 284
225 286
226 254
226 258
226 285
226 287
227 255
227 259
227 286
227 288
228 256
228 260
228 287
228 289
229 257
229 261
229 288
229 290
230 258
230 262
230 289
230 291
231 259
231 263
231 290
231 292
232 260
232 264
232 291
232 293
233 261
233 265
233 292
233 294
234 262
234 266
234 293
234 295
235 263
235 267
235 294
235 296
236 264
236 268
236 295
236 297
237 265
237 269
237 296
237 298
238 266
238 297
238 299
239 267
239 298
240 272
240 301
241 273
241 300
241 302
242 270
242 274
242 301
242 303
243 271
243 275
243 302
243 304
244 272
244 276
244 303
244 305
245 273
245 277
245 304
245 306
246 274
246 278
246 305
246 307
247 275
247 279
247 306
247 308
248 276
248 280
248 307
248 309
249 277
249 281
249 308
249 310
250 278
250 282
250 309
250 311
251 279
251 283
251 310
251 312
252 280
252 284
252 311
252 313
253 281
253 285
253 312
253 314
254 282
254 286
254 313
254 315
255 283
255 287
255 314
255 316
256 284
256 288
256 315
256 317
257 285
257 289
257 316
257 318
258 286
258 290
258 317
258 319
259 287
259 291
259 318
259 320
260 288
260 292
260 319
260 321
261 289
261 293
261 320
261 322
262 290
262 294
262 321
262 323
263 291
263 295
263 322
263 324
264 292
264 296
264 323
264 325
265 293
265 297
265 324
265 326
266 294
266 298
266 325
266 327
267 295
267 299
267 326
267 328
268 296
268 327
268 329
269 297
269 328
270 302
270 331
271 303
271 330
271 332
272 300
272 304
272 331
272 333
273 301
273 305
273 332
273 334
274 302
274 306
274 333
274 335
275 303
275 307
275 334
275 336
276 304
276 308
276 335
276 337
277 305
277 309
277 336
277 338
278 306
278 310
278 337
278 339
279 307
279 311
279 338
279 340
280 308
280 312
280 339
280 341
281 309
281 313
281 340
281 342
282 310
282 314
282 341
282 343
283 311
283 315
283 342
283 344
284 312
284 316
284 343
284 345
285 313
285 317
285 344
285 346
286 314
286 318
286 345
286 347
287 315
287 319
287 346
287 348
288 316
288 320
288 347
288 349
289 317
289 321
289 348
289 350
290 318
290 322
290 349
290 351
291 319
291 323
291 350
291 352
292 320
292 324
292 351
292 353
293 321
293 325
293 352
293 354
294 322
294 326
294 353
294 355
295 323
295 327
295 354
295 356
296 324
296 328
296 355
296 357
297 325
297 329
297 356
297 358
298 326
298 357
298 359
299 327
299 358
300 332
300 361
301 333
301 360
301 362
302 330
302 334
302 361
302 363
303 331
303 335
303 362
303 364
304 332
304 336
304 363
304 365
305 333
305 337
305 364
305 366
306 334
306 338
306 365
306 367
307 335
307 339
307 366
307 368
308 336
308 340
308 367
308 369
309 337
309 341
309 368
309 370
310 338
310 342
310 369
310 371
311 339
311 343
311 370
311 372
312 340
312 344
312 371
312 373
313 341
313 345
313 372
313 374
314 342
314 346
314 373
314 375
315 343
315 347
315 374
315 376
316 344
316 348
316 375
316 377
317 345
317 349
317 376
317 378
318 346
318 350
318 377
318 379
319 347
319 351
319 378
319 380
320 348
320 352
320 379
320 381
321 349
321 353
321 380
321 382
322 350
322 354
322 381
322 383
323 351
323 355
323 382
323 384
324 352
324 356
324 383
324 385
325 353
325 357
325 384
325 386
326 354
326 358
326 385
326 387
327 355
327 359
327 386
327 388
328 356
328 387
328 389
329 357
329 388
330 362
330 391
331 363
331 390
331 392
332 360
332 364
332 391
332 393
333 361
333 365
333 392
333 394
334 362
334 366
334 393
334 395
335 363
335 367
335 394
335 396
336 364
336 368
336 395
336 397
337 365
337 369
337 396
337 398
338 366
338 370
338 397
338 399
339 367
339 371
339 398
339 400
340 368
340 372
340 399
340 401
341 369
341 373
341 400
341 402
342 370
342 374
342 401
342 403
343 371
343 375
343 402
343 404
344 372
344 376
344 403
344 405
345 373
345 377
345 404
345 406
346 374
346 378
346 405
346 407
347 375
347 379
347 406
347 408
348 376
348 380
348 407
348 409
349 377
349 381
349 408
349 410
350 378
350 382
350 409
350 411
351 379
351 383
351 410
351 412
352 380
352 384
352 411
352 413
353 381
353 385
353 412
353 414
354 382
354 386
354 413
354 415
355 383
355 387
355 414
355 416
356 384
356 388
356 415
356 417
357 385
357 389
357 416
357 418
358 386
358 417
358 419
359 387
359 418
360 392
360 421
361 393
361 420
361 422
362 390
362 394
362 421
362 423
363 391
363 395
363 422
363 424
364 392
364 396
364 423
364 425
365 393
365 397
365 424
365 426
366 394
366 398
366 425
366 427
367 395
367 399
367 426
367 428
368 396
368 400
368 427
368 429
369 397
369 401
369 428
369 430
370 398
370 402
370 429
370 431
371 399
371 403
371 430
371 432
372 400
372 404
372 431
372 433
373 401
373 405
373 432
373 434
374 402
374 406
374 433
374 435
375 403
375 407
375 434
375 436
376 404
376 408
376 435
376 437
377 405
377 409
377 436
377 438
378 406
378 410
378 437
378 439
379 407
379 411
379 438
379 440
380 408
380 412
380 439
380 441
381 409
381 413
381 440
381 442
382 410
382 414
382 441
382 443
383 411
383 415
383 442
383 444
384 412
384 416
384 443
384 445
385 413
385 417
385 444
385 446
386 414
386 418
386 445
386 447
387 415
387 419
387 446
387 448
388 416
388 447
388 449
389 417
389 448
390 422
390 451
391 423
391 450
391 452
392 420
392 424
392 451
392 453
393 421
393 425
393 452
393 454
394 422
394 426
394 453
394 455
395 423
395 427
395 454
395 456
396 424
396 428
396 455
396 457
397 425
397 429
397 456
397 458
398 426
398 430
398 457
398 459
399 427
399 431
399 458
399 460
400 428
400 432
400 459
400 461
401 429
401 433
401 460
401 462
402 430
402 434
402 461
402 463
403 431
403 435
403 462
403 464
404 432
404 436
404 463
404 465
405 433
405 437
405 464
405 466
406 434
406 438
406 465
406 467
407 435
407 439
407 466
407 468
408 436
408 440
408 467
408 469
409 437
409 441
409 468
409 470
410 438
410 442
410 469
410 471
411 439
411 443
411 470
411 472
412 440
412 444
412 471
412 473
413 441
413 445
413 472
413 474
414 442
414 446
414 473
414 475
415 443
415 447
415 474
415 476
416 444
416 448
416 475
416 477
417 445
417 449
417 476
417 478
418 446
418 477
418 479
419 447
419 478
420 452
420 481
421 453
421 480
421 482
422 450
422 454
422 481
422 483
423 451
423 455
423 482
423 484
424 452
424 456
424 483
424 485
425 453
425 457
425 484
425 486
426 454
426 458
426 485
426 487
427 455
427 459
427 486
427 488
428 456
428 460
428 487
428 489
429 457
429 461
429 488
429 490
430 458
430 462
430 489
430 491
431 459
431 463
431 490
431 492
432 460
432 464
432 491
432 493
433 461
433 465
433 492
433 494
434 462
434 466
434 493
434 495
435 463
435 467
435 494
435 496
436 464
436 468
436 495
436 497
437 465
437 469
437 496
437 498
438 466
438 470
438 497
438 499
439 467
439 471
439 498
439 500
440 468
440 472
440 499
440 501
441 469
441 473
441 500
441 502
442 470
442 474
442 501
442 503
443 471
443 475
443 502
443 504
444 472
444 476
444 503
444 505
445 473
445 477
445 504
445 506
446 474
446 478
446 505
446 507
447 475
447 479
447 506
447 508
448 476
448 507
448 509
449 477
449 508
450 482
450 511
451 483
451 510
451 512
452 480
452 484
452 511
452 513
453 481
453 485
453 512
453 514
454 482
454 486
454 513
454 515
455 483
455 487
455 514
455 516
456 484
456 488
456 515
456 517
457 485
457 489
457 516
457 518
458 486
458 490
458 517
458 519
459 487
459 491
459 518
459 520
460 488
460 492
460 519
460 521
461 489
461 493
461 520
461 522
462 490
462 494
462 521
462 523
463 491
463 495
463 522
463 524
464 492
464 496
464 523
464 525
465 493
465 497
465 524
465 526
466 494
466 498
466 525
466 527
467 495
467 499
467 526
467 528
468 496
468 500
468 527
468 529
469 497
469 501
469 528
469 530
470 498
470 502
470 529
470 531
471 499
471 503
471 530
471 532
472 500
472 504
472 531
472 533
473 501
473 505
473 532
473 534
474 502
474 506
474 533
474 535
475 503
475 507
475 534
475 536
476 504
476 508
476 535
476 537
477 505
477 509
477 536
477 538
478 506
478 537
478 539
479 507
479 538
480 512
480 541
481 513
481 540
481 542
482 510
482 514
482 541
482 543
483 511
483 515
483 542
483 544
484 512
484 516
484 543
484 545
485 513
485 517
485 544
485 546
486 514
486 518
486 545
486 547
487 515
487 519
487 546
487 548
488 516
488 520
488 547
488 549
489 517
489 521
489 548
489 550
490 518
490 522
490 549
490 551
491 519
491 523
491 550
491 552
492 520
492 524
492 551
492 553
493 521
493 525
493 552
493 554
494 522
494 526
494 553
494 555
495 523
495 527
495 554
495 556
496 524
496 528
496 555
496 557
497 525
497 529
497 556
497 558
498 526
498 530
498 557
498 559
499 527
499 531
499 558
499 560
500 528
500 532
500 559
500 561
501 529
501 533
501 560
501 562
502 530
502 534
502 561
502 563
503 531
503 535
503 562
503 564
504 532
504 536
504 563
504 565
505 533
505 537
505 564
505 566
506 534
506 538
506 565
506 567
507 535
507 539
507 566
507 568
508 536
508 567
508 569
509 537
509 568
510 542
510 571
511 543
511 570
511 572
512 540
512 544
512 571
512 573
513 541
513 545
513 572
513 574
514 542
514 546
514 573
514 575
515 543
515 547
515 574
515 576
516 544
516 548
516 575
516 577
517 545
517 549
517 576
517 578
518 546
518 550
518 577
518 579
519 547
519 551
519 578
519 580
520 548
520 552
520 579
520 581
521 549
521 553
521 580
521 582
522 550
522 554
522 581
522 583
523 551
523 555
523 582
523 584
524 552
524 556
524 583
524 585
525 553
525 557
525 584
525 586
526 554
526 558
526 585
526 587
527 555
527 559
527 586
527 588
528 556
528 560
528 587
528 589
529 557
529 561
529 588
529 590
530 558
530 562
530 589
530 591
531 559
531 563
531 590
531 592
532 560
532 564
532 591
532 593
533 561
533 565
533 592
533 594
534 562
534 566
534 593
534 595
535 563
535 567
535 594
535 596
536 564
536 568
536 595
536 597
537 565
537 569
537 596
537 598
538 566
538 597
538 599
539 567
539 598
540 572
540 601
541 573
541 600
541 602
542 570
542 574
542 601
542 603
543 571
543 575
543 602
543 604
544 572
544 576
544 603
544 605
545 573
545 577
545 604
545 606
546 574
546 578
546 605
546 607
547 575
547 579
547 606
547 608
548 576
548 580
548 607
548 609
549 577
549 581
549 608
549 610
550 578
550 582
550 609
550 611
551 579
551 583
551 610
551 612
552 580
552 584
552 611
552 613
553 581
553 585
553 612
553 614
554 582
554 586
554 613
554 615
555 583
555 587
555 614
555 616
556 584
556 588
556 615
556 617
557 585
557 589
557 616
557 618
558 586
558 590
558 617
558 619
559 587
559 591
559 618
559 620
560 588
560 592
560 619
560 621
561 589
561 593
561 620
561 622
562 590
562 594
562 621
562 623
563 591
563 595
563 622
563 624
564 592
564 596
564 623
564 625
565 593
565 597
565 624
565 626
566 594
566 598
566 625
566 627
567 595
567 599
567 626
567 628
568 596
568 627
568 629
569 597
569 628
570 602
570 631
571 603
571 630
571 632
572 600
572 604
572 631
572 633
573 601
573 605
573 632
573 634
574 602
574 606
574 633
574 635
575 603
575 607
575 634
575 636
576 604
576 608
576 635
576 637
577 605
577 609
577 636
577 638
578 606
578 610
578 637
578 639
579 607
579 611
579 638
579 640
580 608
580 612
580 639
580 641
581 609
581 613
581 640
581 642
582 610
582 614
582 641
582 643
583 611
583 615
583 642
583 644
584 612
584 616
584 643
584 645
585 613
585 617
585 644
585 646
586 614
586 618
586 645
586 647
587 615
587 619
587 646
587 648
588 616
588 620
588 647
588 649
589 617
589 621
589 648
589 650
590 618
590 622
590 649
590 651
591 619
591 623
591 650
591 652
592 620
592 624
592 651
592 653
593 621
593 625
593 652
593 654
594 622
594 626
594 653
594 655
595 623
595 627
595 654
595 656
596 624
596 628
596 655
596 657
597 625
597 629
597 656
597 658
598 626
598 657
598 659
599 627
599 658
600 632
600 661
601 633
601 660
601 662
602 630
602 634
602 661
602 663
603 631
603 635
603 662
603 664
604 632
604 636
604 663
604 665
605 633
605 637
605 664
605 666
606 634
606 638
606 665
606 667
607 635
607 639
607 666
607 668
608 636
608 640
608 667
608 669
609 637
609 641
609 668
609 670
610 638
610 642
610 669
610 671
611 639
611 643
611 670
611 672
612 640
612 644
612 671
612 673
613 641
613 645
613 672
613 674
614 642
614 646
614 673
614 675
615 643
615 647
615 674
615 676
616 644
616 648
616 675
616 677
617 645
617 649
617 676
617 678
618 646
618 650
618 677
618 679
619 647
619 651
619 678
619 680
620 648
620 652
620 679
620 681
621 649
621 653
621 680
621 682
622 650
622 654
622 681
622 683
623 651
623 655
623 682
623 684
624 652
624 656
624 683
624 685
625 653
625 657
625 684
625 686
626 654
626 658
626 685
626 687
627 655
627 659
627 686
627 688
628 656
628 687
628 689
629 657
629 688
630 662
630 691
631 663
631 690
631 692
632 660
632 664
632 691
632 693
633 661
633 665
633 692
633 694
634 662
634 666
634 693
634 695
635 663
635 667
635 694
635 696
636 664
636 668
636 695
636 697
637 665
637 669
637 696
637 698
638 666
638 670
638 697
638 699
639 667
639 671
639 698
639 700
640 668
640 672
640 699
640 701
641 669
641 673
641 700
641 702
642 670
642 674
642 701
642 703
643 671
643 675
643 702
643 704
644 672
644 676
644 703
644 705
645 673
645 677
645 704
645 706
646 674
646 678
646 705
646 707
647 675
647 679
647 706
647 708
648 676
648 680
648 707
648 709
649 677
649 681
649 708
649 710
650 678
650 682
650 709
650 711
651 679
651 683
651 710
651 712
652 680
652 684
652 711
652 713
653 681
653 685
653 712
653 714
654 682
654 686
654 713
654 715
655 683
655 687
655 714
655 716
656 684
656 688
656 715
656 717
657 685
657 689
657 716
657 718
658 686
658 717
658 719
659 687
659 718
660 692
660 721
661 693
661 720
661 722
662 690
662 694
662 721
662 723
663 691
663 695
663 722
663 724
664 692
664 696
664 723
664 725
665 693
665 697
665 724
665 726
666 694
666 698
666 725
666 727
667 695
667 699
667 726
667 728
668 696
668 700
668 727
668 729
669 697
669 701
669 728
669 730
670 698
670 702
670 729
670 731
671 699
671 703
671 730
671 732
672 700
672 704
672 731
672 733
673 701
673 705
673 732
673 734
674 702
674 706
674 733
674 735
675 703
675 707
675 734
675 736
676 704
676 708
676 735
676 737
677 705
677 709
677 736
677 738
678 706
678 710
678 737
678 739
679 707
679 711
679 738
679 740
680 708
680 712
680 739
680 741
681 709
681 713
681 740
681 742
682 710
682 714
682 741
682 743
683 711
683 715
683 742
683 744
684 712
684 716
684 743
684 745
685 713
685 717
685 744
685 746
686 714
686 718
686 745
686 747
687 715
687 719
687 746
687 748
688 716
688 747
688 749
689 717
689 748
690 722
690 751
691 723
691 750
691 752
692 720
692 724
692 751
692 753
693 721
693 725
693 752
693 754
694 722
694 726
694 753
694 755
695 723
695 727
695 754
695 756
696 724
696 728
696 755
696 757
697 725
697 729
697 756
697 758
698 726
698 730
698 757
698 759
699 727
699 731
699 758
699 760
700 728
700 732
700 759
700 761
701 729
701 733
701 760
701 762
702 730
702 734
702 761
702 763
703 731
703 735
703 762
703 764
704 732
704 736
704 763
704 765
705 733
705 737
705 764
705 766
706 734
706 738
706 765
706 767
707 735
707 739
707 766
707 768
708 736
708 740
708 767
708 769
709 737
709 741
709 768
709 770
710 738
710 742
710 769
710 771
711 739
711 743
711 770
711 772
712 740
712 744
712 771
712 773
713 741
713 745
713 772
713 774
714 742
714 746
714 773
714 775
715 743
715 747
715 774
715 776
716 744
716 748
716 775
716 777
717 745
717 749
717 776
717 778
718 746
718 777
718 779
719 747
719 778
720 752
720 781
721 753
721 780
721 782
722 750
722 754
722 781
722 783
723 751
723 755
723 782
723 784
724 752
724 756
724 783
724 785
725 753
725 757
725 784
725 786
726 754
726 758
726 785
726 787
727 755
727 759
727 786
727 788
728 756
728 760
728 787
728 789
729 757
729 761
729 788
729 790
730 758
730 762
730 789
730 791
731 759
731 763
731 790
731 792
732 760
732 764
732 791
732 793
733 761
733 765
733 792
733 794
734 762
734 766
734 793
734 795
735 763
735 767
735 794
735 796
736 764
736 768
736 795
736 797
737 765
737 769
737 796
737 798
738 766
738 770
738 797
738 799
739 767
739 771
739 798
739 800
740 768
740 772
740 799
740 801
741 769
741 773
741 800
741 802
742 770
742 774
742 801
742 803
743 771
743 775
743 802
743 804
744 772
744 776
744 803
744 805
745 773
745 777
745 804
745 806
746 774
746 778
746 805
746 807
747 775
747 779
747 806
747 808
748 776
748 807
748 809
749 777
749 808
750 782
750 811
751 783
751 810
751 812
752 780
752 784
752 811
752 813
753 781
753 785
753 812
753 814
754 782
754 786
754 813
754 815
755 783
755 787
755 814
755 816
756 784
756 788
756 815
756 817
757 785
757 789
757 816
757 818
758 786
758 790
758 817
758 819
759 787
759 791
759 818
759 820
760 788
760 792
760 819
760 821
761 789
761 793
761 820
761 822
762 790
762 794
762 821
762 823
763 791
763 795
763 822
763 824
764 792
764 796
764 823
764 825
765 793
765 797
765 824
765 826
766 794
766 798
766 825
766 827
767 795
767 799
767 826
767 828
768 796
768 800
768 827
768 829
769 797
769 801
769 828
769 830
770 798
770 802
770 829
770 831
771 799
771 803
771 830
771 832
772 800
772 804
772 831
772 833
773 801
773 805
773 832
773 834
774 802
774 806
774 833
774 835
775 803
775 807
775 834
775 836
776 804
776 808
776 835
776 837
777 805
777 809
777 836
777 838
778 806
778 837
778 839
779 807
779 838
780 812
780 841
781 813
781 840
781 842
782 810
782 814
782 841
782 843
783 811
783 815
783 842
783 844
784 812
784 816
784 843
784 845
785 813
785 817
785 844
785 846
786 814
786 818
786 845
786 847
787 815
787 819
787 846
787 848
788 816
788 820
788 847
788 849
789 817
789 821
789 848
789 850
790 818
790 822
790 849
790 851
791 819
791 823
791 850
791 852
792 820
792 824
792 851
792 853
793 821
793 825
793 852
793 854
794 822
794 826
794 853
794 855
795 823
795 827
795 854
795 856
796 824
796 828
796 855
796 857
797 825
797 829
797 856
797 858
798 826
798 830
798 857
798 859
799 827
799 831
799 858
799 860
800 828
800 832
800 859
800 861
801 829
801 833
801 860
801 862
802 830
802 834
802 861
802 863
803 831
803 835
803 862
803 864
804 832
804 836
804 863
804 865
805 833
805 837
805 864
805 866
806 834
806 838
806 865
806 867
807 835
807 839
807 866
807 868
808 836
808 867
808 869
809 837
809 868
810 842
810 871
811 843
811 870
811 872
812 840
812 844
812 871
812 873
813 841
813 845
813 872
813 874
814 842
814 846
814 873
814 875
815 843
815 847
815 874
815 876
816 844
816 848
816 875
816 877
817 845
817 849
817 876
817 878
818 846
818 850
818 877
818 879
819 847
819 851
819 878
819 880
820 848
820 852
820 879
820 881
821 849
821 853
821 880
821 882
822 850
822 854
822 881
822 883
823 851
823 855
823 882
823 884
824 852
824 856
824 883
824 885
825 853
825 857
825 884
825 886
826 854
826 858
826 885
826 887
827 855
827 859
827 886
827 888
828 856
828 860
828 887
828 889
829 857
829 861
829 888
829 890
830 858
830 862
830 889
830 891
831 859
831 863
831 890
831 892
832 860
832 864
832 891
832 893
833 861
833 865
833 892
833 894
834 862
834 866
834 893
834 895
835 863
835 867
835 894
835 896
836 864
836 868
836 895
836 897
837 865
837 869
837 896
837 898
838 866
838 897
838 899
839 867
839 898
840 872
841 873
842 870
842 874
843 871
843 875
844 872
844 876
845 873
845 877
846 874
846 878
847 875
847 879
848 876
848 880
849 877
849 881
850 878
850 882
851 879
851 883
852 880
852 884
853 881
853 885
854 882
854 886
855 883
855 887
856 884
856 888
857 885
857 889
858 886
858 890
859 887
859 891
860 888
860 892
861 889
861 893
862 890
862 894
863 891
863 895
864 892
864 896
865 893
865 897
866 894
866 898
867 895
867 899
868 896
869 897
