36
0 8
0 9
0 10
0 11
0 13
0 15
0 16
0 17
0 19
0 20
0 22
0 23
0 25
0 26
0 27
0 29
0 31
0 32
0 33
0 34
1 9
1 10
1 11
1 12
1 14
1 16
1 17
1 18
1 20
1 21
1 23
1 24
1 26
1 27
1 28
1 30
1 32
1 33
1 34
1 35
2 6
2 10
2 11
2 13
2 15
2 17
2 18
2 19
2 21
2 22
2 24
2 25
2 27
2 28
2 29
2 30
2 31
2 33
2 34
2 35
3 6
3 7
3 11
3 12
3 14
3 16
3 19
3 20
3 22
3 23
3 24
3 25
3 26
3 28
3 29
3 30
3 31
3 32
3 34
3 35
4 6
4 7
4 8
4 12
4 13
4 15
4 17
4 18
4 20
4 21
4 23
4 25
4 26
4 27
4 29
4 30
4 31
4 32
4 33
4 35
5 6
5 7
5 8
5 9
5 12
5 13
5 14
5 16
5 18
5 19
5 21
5 22
5 24
5 26
5 27
5 28
5 31
5 32
5 33
5 34
6 14
6 15
6 16
6 17
6 19
6 21
6 22
6 23
6 25
6 26
6 28
6 29
6 31
6 32
6 33
6 35
7 15
7 16
7 17
7 18
7 20
7 22
7 23
7 24
7 26
7 27
7 29
7 30
7 32
7 33
7 34
8 12
8 16
8 17
8 19
8 21
8 23
8 24
8 25
8 27
8 28
8 30
8 31
8 33
8 34
8 35
9 12
9 13
9 17
9 18
9 20
9 22
9 25
9 26
9 28
9 29
9 30
9 31
9 32
9 34
9 35
10 12
10 13
10 14
10 18
10 19
10 21
10 23
10 24
10 26
10 27
10 29
10 31
10 32
10 33
10 35
11 12
11 13
11 14
11 15
11 18
11 19
11 20
11 22
11 24
11 25
11 27
11 28
11 30
11 32
11 33
11 34
12 20
12 21
12 22
12 23
12 25
12 27
12 28
12 29
12 31
12 32
12 34
12 35
13 21
13 22
13 23
13 24
13 26
13 28
13 29
13 30
13 32
13 33
13 35
14 18
14 22
14 23
14 25
14 27
14 29
14 30
14 31
14 33
14 34
15 18
15 19
15 23
15 24
15 26
15 28
15 31
15 32
15 34
15 35
16 18
16 19
16 20
16 24
16 25
16 27
16 29
16 30
16 32
16 33
16 35
17 18
17 19
17 20
17 21
17 24
17 25
17 26
17 28
17 30
17 31
17 33
17 34
18 26
18 27
18 28
18 29
18 31
18 33
18 34
18 35
19 27
19 28
19 29
19 30
19 32
19 34
19 35
20 24
20 28
20 29
20 31
20 33
20 35
21 24
21 25
21 29
21 30
21 32
21 34
22 24
22 25
22 26
22 30
22 31
22 33
22 35
23 24
23 25
23 26
23 27
23 30
23 31
23 32
23 34
24 32
24 33
24 34
24 35
25 33
25 34
25 35
26 30
26 34
26 35
27 30
27 31
27 35
28 30
28 31
28 32
29 30
29 31
29 32
29 33

